calc chi_sq fr_calc fr sfr
calc chi_sq_per_n fr_calc fr sfr
min fr fr_calc
max fr fr_calc
print H K L fr sfr fr_calc qsq

  H    K    L       fr  fr_calc      sfr      qsq
  0    2    0  0.09510  0.09540  0.00450  0.98396
  0    2   -1  0.44460  0.46920  0.01190  0.99741
  1   -1    1  0.46850  0.41940  0.01030  0.72542
  0    0   -2  0.62600  0.60690  0.02250  0.99641
  0    2   -2  0.06960  0.07890  0.00480  0.99995
  1    3    1  0.19680  0.08900  0.02360  0.94378
  0    4    0  0.76060  0.71360  0.00780  0.98396
  0    4   -1  0.38510  0.35330  0.02630  0.99224
  2    2    0  0.43550  0.45230  0.04980  0.43534
  1    3    2  1.22660  1.10480  0.05290  0.97549
  2    2    1  0.45600  0.40570  0.03010  0.61344
  0    2   -3  0.36310  0.36730  0.00440  0.99982
  1    1   -3  3.13210  2.81530  0.39190  0.92647
  2    0    2  1.26350  1.62880  0.04560  0.71903
  0    4   -2  1.97830  2.06110  0.03300  0.99741
  2    2   -2  1.54520  1.31440  0.64850  0.70139
  1   -5   -1  0.17490  0.20130  0.01650  0.85263
  2    4    0  0.79790  0.70920  0.00980  0.77698
  0    0   -4  0.60460  0.59780  0.00270  0.99641
  0    2   -4  0.27080  0.29320  0.01460  0.99939
  1    1   -4  0.85900  0.89720  0.02880  0.95092
  2    2   -3  0.24410  0.19550  0.03130  0.80986
  0    6    0  2.48950  2.56260  0.15700  0.98396
  1   -5    2  1.12990  0.90510  0.07970  0.92799
  0    6   -1  0.23400  0.20510  0.00830  0.98960
  2   -4   -2  0.31180  0.23940  0.01890  0.67275
  0    6    2  1.16050  0.96660  0.05180  0.97982
  2    0    4  0.34340  0.30270  0.02560  0.91953
  1   -5    3  0.15020  0.14850  0.02020  0.95543
  0    4    4  0.08160  0.11130  0.00830  0.98680
  2    4   -3  0.38480  0.12620  0.13610  0.87854
  2    6    0  0.88810  0.94280  0.05360  0.90644
  0    2    5  0.33860  0.26410  0.00970  0.99261
  2    6   -1  0.21830  0.14140  0.01670  0.90469
  0    6    3  0.20770  0.17750  0.01140  0.98134
  2   -6   -2  0.36510  0.38140  0.01760  0.75664
  1   -3   -5  0.41110  0.34000  0.02260  0.94377
  2   -4    4  0.75770  0.73450  0.01600  0.90828
  0   -8    0  0.74930  0.74370  0.00620  0.98396
  2   -2   -5  0.18480  0.14000  0.01600  0.86767
  0    6    4  1.35590  1.37890  0.16970  0.98337
  2    6   -3  0.14780  0.09130  0.01390  0.92841
  0    0   -6  1.71230  1.80120  0.18340  0.99641
  0   -8    2  0.09090  0.06930  0.07010  0.99224
  1   -1   -6  0.93840  0.85130  0.05570  0.96273
  1   -5   -5  0.52170  0.46830  0.03090  0.94007
  2    0   -6  1.47100  1.48490  0.01660  0.91064
  0   -6    5  0.25200  0.14410  0.03560  0.99968
  0   -4   -6  1.55830  1.56820  0.02080  0.98989
  2    8    2  1.31000  1.33960  0.01810  0.97244
  0    8    4  0.80680  0.79740  0.00680  0.98134
  0    2    7  0.08550  0.08000  0.02020  0.99377
  2    4   -6  0.79870  0.79480  0.18120  0.94343
  0   10   -2  0.56030  0.55050  0.01850  0.99070
  2  -10    0  6.42840  5.23270  3.21210  0.85641
  2  -10    1  0.11830  0.10800  0.04950  0.87080
  0  -10   -3  0.12690  0.14790  0.03370  0.97970
  2   -6    6  0.35370  0.32670  0.04320  0.95555
  1   -7    6  0.99010  0.93700  0.05200  0.98645
  0    0    8  0.75600  0.78020  0.00790  0.99641
  0   -2    8  0.76150  0.75710  0.03460  0.99822
  0    6    7  0.14480  0.11210  0.03270  0.98806
  0  -10   -4  1.17310  1.11240  0.10900  0.98029
  1   -3    8  1.05900  1.08220  0.05700  0.99695
  2    0   -8  0.44180  0.40000  0.02340  0.94176
  2    8    6  1.23180  1.25140  0.01930  0.99417
  0   12    2  1.15820  1.14960  0.01790  0.98027
  2    4    8  0.85290  0.85060  0.01060  0.99267
  1   -9   -6  1.01250  1.23430  0.08260  0.94932
  2  -12    0  0.91550  0.92280  0.01720  0.88421
  0   10   -6  0.59860  0.57370  0.04120  0.99847
  2   -6    8  0.97000  0.98640  0.05120  0.97578
  0    8    8  0.87500  0.86790  0.01230  0.98680
  2  -12    4  0.91720  0.92630  0.01370  0.93457
  2    8    8  0.57410  0.58600  0.08190  0.99760
  0  -14    2  0.97250  0.90390  0.05910  0.98879
  1   -3  -10  1.01620  1.00720  0.06090  0.97665
  2    0   10  1.28500  1.26960  0.01960  0.99271
  0   -4   10  1.34060  1.31220  0.03100  0.99900
  2  -14    0  1.18350  1.05170  0.12200  0.90285
  0  -12    6  1.09900  1.13760  0.02220  0.99741
  2  -14    2  0.84380  0.87140  0.04270  0.91970
  1    5   10  1.04130  1.11330  0.06840  0.99960
  0  -10   -8  1.03030  1.04730  0.05420  0.98489
  2  -14   -3  0.79260  0.73310  0.06900  0.89891
  0   16    0  0.98570  0.97040  0.02520  0.98396
  2   -8   10  1.15300  1.16270  0.05680  0.98423
  0    0  -12  0.89130  0.89250  0.01310  0.99641
  2  -16    2  1.05260  1.02280  0.02510  0.92902
  2   12   -8  0.96840  0.94450  0.02100  0.98842
  0  -16   -4  0.98800  0.97130  0.01820  0.97969
  0   -4  -12  0.77610  0.78740  0.05690  0.99329
  2    4   12  0.90060  0.91840  0.02880  0.99848
  0   18   -2  1.02040  0.97390  0.04680  0.98769
  2  -14    8  1.05000  1.00970  0.06860  0.97116
  0  -12  -10  1.08970  1.11960  0.05850  0.98524
  2   16   -6  1.00120  1.03190  0.03280  0.99525
  0    8  -12  0.92820  0.92290  0.02900  0.99982
  0   10  -12  1.10140  1.02530  0.20570  0.99999
  0   16   -8  0.99930  0.96940  0.02820  0.99741
  0   14  -10  0.97710  0.98500  0.06020  0.99923
  2    0   14  1.12280  1.17560  0.04220  0.99802
  0    4  -14  1.29700  1.19910  0.13400  0.99842
  0  -18    6  1.04960  0.95690  0.07120  0.99443
  2   18   -6  1.02190  1.00180  0.06950  0.99731
  0  -20   -2  0.99170  0.99200  0.02910  0.98136
  0    6  -14  0.78060  0.99160  0.22250  0.99912
  2  -20    0  1.01100  1.00620  0.03360  0.93326
  0  -12   12  0.94830  0.91600  0.18460  0.99995
  2  -12   12  0.98680  0.95960  0.04990  0.98758
  2   20    4  1.03050  1.00340  0.03060  0.99986
  2    8   14  1.11980  1.13020  0.17500  0.99997
  2   16  -10  0.94940  1.04090  0.05040  0.99473
  0  -20   -6  0.96970  1.00300  0.04060  0.97970
  2  -14   12  1.03340  1.00780  0.04770  0.98645
  2   10   14  0.76460  0.99110  0.17600  0.99999
  0    0  -16  1.00390  0.93480  0.07320  0.99641
  0  -22    2  0.99880  0.99750  0.05740  0.98699
  0   -2  -16  0.88640  0.99490  0.43190  0.99531
  2   22    0  0.99210  0.97910  0.11820  0.99999
  2    0   16  0.77270  0.92780  0.20650  0.99900