group_hkl orto

  27927  -4  -1  0     369.45        1.28  63.59  -171.37   -0.27   0.00    4.47A
  27928  -4  -1  1     174.18        0.83  66.88  -167.39  -18.28   0.00    4.50A
  27929  -2   1  0     227.60        0.74  28.91  -166.43    0.15   0.00    4.49A
  27930  -2   1  1     315.60        0.86  29.75  -163.12  -17.84   0.00    4.50A
  27931  -4   0  0     723.50        1.86  60.46  -160.84   -0.08   0.00    4.52A
  27932  -3   1  0     123.02        0.75  43.29  -160.03    0.13   0.00    4.51A
  27933  -1   1  0     189.76        0.54  17.65  -159.40    0.17   0.00    4.50A
  27934  -4   0  1       1.42        0.15  63.27  -157.26  -18.08   0.00    4.52A
  27935  -3   1  1     127.41        0.76  44.72  -157.15  -17.86   0.00    4.51A
  27936  -1   1  1      36.08        0.23  18.12  -154.71  -17.82   0.00    4.51A
  27937  -4   1  0     345.23        1.24  63.52  -144.11    0.11   0.00    4.53A
  27938  -4   1  1     164.09        0.82  66.70  -140.29  -17.88   0.00    4.53A
  27939  -2   2  0     942.78        1.82  37.33  -139.72    0.34   0.00    4.54A
  27940  -3   2  0     190.28        0.99  51.01  -137.30    0.32   0.00    4.55A
  27941  -2   2  1     127.14        0.69  38.46  -136.89  -17.64   0.00    4.54A
  27942  -3   2  1     100.33        0.71  52.86  -134.41  -17.66   0.00    4.55A
  27943  -1   2  0     105.87        0.51  28.39  -130.05    0.36   0.00    4.55A
  27944  -1   2  1     253.67        0.78  29.18  -126.89  -17.62   0.00    4.54A
  27945   0   1  0       2.96        0.08  12.21  -119.01    0.19   0.00    4.57A
  27946  -2   3  0      58.92        0.58  50.26  -115.41    0.53   0.00    4.57A
  27947  -2   3  1     206.07        0.99  52.01  -112.66  -17.44   0.00    4.57A
  27948   0   1  1     176.32        0.42  12.48  -112.73  -17.80   0.00    4.58A
  27949  -3   3  0      39.23        0.46  65.46  -111.59    0.51   0.00    4.58A
  27950  -1   3  0     540.07        1.50  42.12  -108.03    0.55   0.00    4.50A
  27951  -3   3  1     132.34        0.72  68.80  -107.75  -17.47   0.00    4.61A
  27952   0   2  0     473.01        0.99  25.03  -106.19    0.38   0.00    4.61A
  27953  -1   3  1     380.66        1.26  43.40  -105.40  -17.42   0.00    4.61A
  27954   0   2  1      14.56        0.24  25.68  -102.84  -17.60   0.00    4.61A
  27955   0   3  0       1.43        0.17  39.40   -91.82    0.57   0.00    4.63A
  27956   0   3  1     206.26        0.89  40.53   -89.22  -17.40   0.00    4.64A
  27957  -1   4  0     622.68        1.71  60.87   -84.77    0.74   0.00    4.64A
  27958  -1   4  1      93.95        0.66  63.42   -81.63  -17.23   0.00    4.63A
  27959   1   2  0     102.03        0.51  28.42   -75.61    0.40   0.00    4.64A
  27960   0   4  0    1230.65        2.41  57.81   -73.41    0.76   0.00    4.64A
  27961   1   2  1     216.05        0.72  29.14   -72.59  -17.58   0.00    4.63A
  27962   0   4  1     278.64        1.13  60.01   -70.53  -17.20   0.00    4.64A
  27963   1   3  0     533.15        1.49  42.16   -70.15    0.59   0.00    4.63A
  27964   1   1  0     174.14        0.51  17.67   -67.79    0.21   0.00    4.69A
  27965   1   3  1     369.14        1.24  43.38   -67.63  -17.38   0.00    4.64A
  27966   1   1  1      34.50        0.23  18.04   -63.36  -17.78   0.00    4.65A
  27967   1   4  0     612.94        1.70  60.93   -55.88    0.78   0.00    4.64A
  27968   1   4  1      96.63        0.67  63.40   -52.84  -17.18   0.00    4.65A
  27969   2   2  0     850.35        1.73  37.39   -48.08    0.42   0.00    4.64A
  27970   2   3  0      54.42        0.56  50.35   -46.47    0.61   0.00    4.65A
  27971   2   2  1     120.17        0.67  38.39   -45.47  -17.56   0.00    4.65A
  27972   2   3  1     185.84        0.94  51.96   -43.91  -17.36   0.00    4.65A
  27973   2   1  0     218.30        0.73  28.94   -38.27    0.23   0.00    4.66A
  27974   2   1  1     323.58        0.88  29.64   -35.25  -17.75   0.00    4.66A
  27975   1   0  0       7.24        0.11  12.56   -28.73    0.02   0.00    4.67A
  27976   3   2  0     176.72        0.95  51.09   -23.14    0.44   0.00    4.66A
  27977   1   0  1     232.58        0.49  12.73   -22.40  -17.98   0.00    4.65A
  27978   3   2  1     102.46        0.72  52.74   -20.54  -17.53   0.00    4.67A
  27979   3   3  0      37.60        0.45  65.62   -19.84    0.63   0.00    4.66A
  27980   3   3  1     131.81        0.72  68.68   -16.35  -17.34   0.00    4.66A
  27981   3   1  0     118.83        0.74  43.33   -15.92    0.25   0.00    4.66A
  27982   2   0  0     382.70        0.91  25.79   -15.51    0.04   0.00    4.67A
  27983   3   1  1     120.83        0.74  44.57   -13.35  -17.74   0.00    4.66A
  27984   2   0  1       1.98        0.26  26.37   -12.13  -17.96   0.00    4.67A
  27985   3   0  0       5.91        0.19  40.73    -0.56    0.06   0.00    4.65A
  27986   3   0  1     245.62        0.99  41.86     2.10  -17.93   0.00    4.63A
  27987   4   1  0     332.87        1.23  63.59     8.63    0.27   0.00    4.66A
  27988   4   1  1     155.57        0.80  66.39    11.99  -17.71   0.00    4.63A
  27989   2  -1  0     233.97        0.75  28.91    13.57   -0.15   0.00    4.63A
  27990   2  -1  1     342.52        0.90  29.60    16.82  -18.15   0.00    4.64A
  27991   4   0  0     710.22        1.84  60.46    19.16    0.08   0.00    4.63A
  27992   3  -1  0     126.45        0.76  43.29    19.97   -0.13   0.00    4.62A
  27993   1  -1  0     194.58        0.54  17.65    20.60   -0.17   0.00    4.61A
  27994   4   0  1       1.53        0.15  62.92    22.31  -17.91   0.00    4.63A
  27995   3  -1  1     128.59        0.76  44.55    22.69  -18.13   0.00    4.60A
  27996   1  -1  1      37.90        0.24  17.98    25.51  -18.17   0.00    4.60A
  27997   4  -1  0     366.29        1.29  63.52    35.89   -0.11   0.00    4.56A
  27998   4  -1  1     179.53        0.85  66.42    39.41  -18.11   0.00    4.60A
  27999   2  -2  0    1030.94        1.90  37.33    40.28   -0.34   0.00    4.60A
  28000   3  -2  0     215.53        1.05  51.01    42.70   -0.32   0.00    4.60A
  28001   2  -2  1     141.20        0.72  38.36    43.23  -18.35   0.00    4.59A
  28002   3  -2  1     111.17        0.74  52.75    45.58  -18.33   0.00    4.61A
  28003   1  -2  0      94.27        0.48  28.39    49.95   -0.36   0.00    4.59A
  28004   1  -2  1     189.90        0.67  29.10    53.44  -18.38   0.00    4.58A
  28005   0  -1  0       2.07        0.06  12.21    60.99   -0.19   0.00    4.55A
  28006   2  -3  0      48.70        0.53  50.26    64.59   -0.53   0.00    4.53A
  28007   2  -3  1     168.23        0.90  52.01    67.58  -18.55   0.00    4.52A
  28008   0  -1  1     154.81        0.40  12.41    68.14  -18.19   0.00    4.53A
  28009   3  -3  0      32.35        0.43  65.46    68.41   -0.51   0.00    4.52A
  28010   1  -3  0     456.00        1.38  42.12    71.97   -0.55   0.00    4.50A
  28011   3  -3  1     110.34        0.66  68.83    72.40  -18.53   0.00    4.51A
  28012   0  -2  0     390.96        0.91  25.03    73.81   -0.38   0.00    4.50A
  28013   1  -3  1     315.88        1.15  43.42    74.97  -18.57   0.00    4.50A
  28014   0  -2  1      16.20        0.18  25.65    77.71  -18.39   0.00    4.48A
  28015   0  -3  0       1.97        0.18  39.40    88.18   -0.57   0.00    4.45A
  28016   0  -3  1     178.08        0.83  40.60    91.27  -18.60   0.00    4.46A
  28017   1  -4  0     542.48        1.61  60.87    95.23   -0.74   0.00    4.45A
  28018   1  -4  1      80.26        0.61  63.68    98.88  -18.77   0.00    4.44A
  28019  -1  -2  0      87.13        0.47  28.42   104.39   -0.40   0.00    4.44A
  28020   0  -4  0    1104.72        2.31  57.81   106.59   -0.76   0.00    4.46A
  28021  -1  -2  1     181.70        0.66  29.21   108.02  -18.42   0.00    4.45A
  28022  -1  -3  0     452.75        1.38  42.16   109.85   -0.59   0.00    4.44A
  28023   0  -4  1     254.04        1.07  60.30   110.05  -18.80   0.00    4.46A
  28024  -1  -1  0     191.64        0.54  17.67   112.21   -0.21   0.00    4.44A
  28025  -1  -3  1     302.63        1.12  43.53   112.94  -18.62   0.00    4.45A
  28026  -1  -1  1      38.89        0.24  18.11   117.37  -18.22   0.00    4.46A
  28027   2   0  0     379.37        2.02  25.79   -15.51    0.04   0.00    4.68A
  28028  -1  -4  0     541.97        1.60  60.93   124.12   -0.78   0.00    4.49A
  28029  -1  -4  1      87.06        0.63  63.84   127.89  -18.82   0.00    4.45A
  28030  -2  -2  0     991.18        1.87  37.39   131.92   -0.42   0.00    4.42A
  28031  -2  -3  0      47.05        0.53  50.35   133.53   -0.61   0.00    4.45A
  28032  -2  -2  1     142.53        0.72  38.56   135.10  -18.44   0.00    4.44A
  28033  -2  -3  1     152.59        0.86  52.24   136.71  -18.64   0.00    4.44A
  28034  -2  -1  0     233.73        0.75  28.94   141.73   -0.23   0.00    4.44A
  28035  -2  -1  1     325.92        0.87  29.78   145.27  -18.24   0.00    4.43A
  28036  -1   0  0       7.89        0.11  12.56   151.27   -0.02   0.00    4.43A
  28037  -3  -2  0     207.51        1.02  51.09   156.86   -0.44   0.00    4.28A
  28038  -1   0  1     278.96        0.54  12.87   158.01  -18.02   0.00    4.43A
  28039  -3  -2  1     118.82        0.76  53.05   160.04  -18.46   0.00    4.43A
  28040  -3  -3  0      33.81        0.44  65.62   160.16   -0.63   0.00    4.39A
  28041  -3  -1  0     124.15        0.76  43.33   164.08   -0.25   0.00    4.44A
  28042  -3  -3  1     108.81        0.65  69.35   164.54  -18.66   0.00    4.43A
  28043  -2   0  0     390.59        0.91  25.79   164.49   -0.04   0.00    4.45A
  28044  -3  -1  1     126.82        0.76  44.80   167.11  -18.26   0.00    4.44A
  28045  -2   0  1       1.23        0.26  26.52   168.20  -18.04   0.00    4.45A
  28046  -4  -1  0     363.30        1.27  63.59  -171.37   -0.27   0.00    7.99A
  28047  -4  -1  1     168.83        0.82  66.88  -167.39  -18.28   0.00    8.00A
  28048  -2   1  0     226.17        0.74  28.91  -166.43    0.15   0.00    8.00A
  28049  -2   1  1     307.07        0.85  29.75  -163.12  -17.84   0.00    8.00A
  28050  -4   0  0     723.79        1.85  60.46  -160.84   -0.08   0.00    8.00A
  28051  -3   1  0     108.54        0.71  43.29  -160.03    0.13   0.00    8.00A
  28052  -1   1  0     186.78        0.53  17.65  -159.40    0.17   0.00    8.00A
  28053  -4   0  1       1.72        0.15  63.27  -157.26  -18.08   0.00    8.00A
  28054  -3   1  1     125.91        0.75  44.72  -157.15  -17.86   0.00    8.00A
  28055  -1   1  1      33.11        0.22  18.12  -154.71  -17.82   0.00    8.00A
  28056  -4   1  0     344.92        1.24  63.52  -144.11    0.11   0.00    8.00A
  28057  -4   1  1     160.55        0.81  66.70  -140.29  -17.88   0.00    8.00A
  28058  -2   2  0     937.71        1.82  37.33  -139.72    0.34   0.00    8.00A
  28059  -3   2  0     188.01        0.99  51.01  -137.30    0.32   0.00    8.00A
  28060  -2   2  1     126.58        0.69  38.46  -136.89  -17.64   0.00    8.00A
  28061  -3   2  1     105.69        0.73  52.86  -134.41  -17.66   0.00    8.00A
  28062  -1   2  0     105.46        0.51  28.39  -130.05    0.36   0.00    8.00A
  28063  -1   2  1     242.72        0.76  29.18  -126.89  -17.62   0.00    8.01A
  28064   0   1  0       2.64        0.08  12.21  -119.01    0.19   0.00    8.02A
  28065  -2   3  0      57.66        0.57  50.26  -115.41    0.53   0.00    8.03A
  28066  -2   3  1     194.54        0.96  52.01  -112.66  -17.44   0.00    8.02A
  28067   0   1  1     160.17        0.40  12.48  -112.73  -17.80   0.00    8.03A
  28068  -3   3  0      32.07        0.43  65.46  -111.59    0.51   0.00    8.03A
  28069  -1   3  0     535.26        1.49  42.12  -108.03    0.55   0.00    8.03A
  28070  -3   3  1     123.92        0.70  68.80  -107.75  -17.47   0.00    8.04A
  28071   0   2  0     475.31        1.00  25.03  -106.19    0.38   0.00    8.04A
  28072  -1   3  1     373.33        1.25  43.40  -105.40  -17.42   0.00    8.04A
  28073   0   2  1       7.19        0.17  25.68  -102.84  -17.60   0.00    8.04A
  28074   0   3  0       1.30        0.17  39.40   -91.82    0.57   0.00    8.10A
  28075   0   3  1     197.25        0.87  40.53   -89.22  -17.40   0.00    8.10A
  28076  -1   4  0     616.84        1.70  60.87   -84.77    0.74   0.00    8.11A
  28077  -1   4  1      96.14        0.67  63.42   -81.63  -17.22   0.00    8.11A
  28078   1   2  0      99.91        0.50  28.42   -75.61    0.40   0.00    8.14A
  28079   0   4  0    1215.71        2.39  57.81   -73.41    0.76   0.00    8.14A
  28080   1   2  1     197.03        0.69  29.14   -72.59  -17.58   0.00    8.14A
  28081   0   4  1     272.67        1.12  60.01   -70.53  -17.20   0.00    8.14A
  28082   1   3  0     528.49        1.48  42.16   -70.15    0.59   0.00    8.14A
  28083   1   1  0     169.95        0.51  17.67   -67.79    0.21   0.00    8.14A
  28084   1   3  1     360.34        1.23  43.38   -67.63  -17.38   0.00    8.14A
  28085   1   1  1      32.38        0.22  18.04   -63.36  -17.78   0.00    8.15A
  28086   1   4  0     611.37        1.70  60.93   -55.88    0.78   0.00    8.16A
  28087   1   4  1      96.34        0.67  63.40   -52.84  -17.18   0.00    8.16A
  28088   2   2  0     835.57        1.72  37.39   -48.08    0.42   0.00    8.16A
  28089   2   3  0      54.94        0.56  50.35   -46.47    0.61   0.00    8.16A
  28090   2   2  1     116.54        0.66  38.39   -45.47  -17.56   0.00    8.16A
  28091   2   3  1     177.63        0.92  51.96   -43.91  -17.36   0.00    8.17A
  28092   2   1  0     216.79        0.73  28.94   -38.27    0.23   0.00    8.17A
  28093   2   1  1     308.55        0.86  29.64   -35.25  -17.75   0.00    8.17A
  28094   1   0  0       4.54        0.09  12.56   -28.73    0.02   0.00    8.17A
  28095   3   2  0     177.32        0.95  51.09   -23.14    0.44   0.00    8.17A
  28096   1   0  1     223.16        0.48  12.73   -22.40  -17.97   0.00    8.17A
  28097   3   2  1     105.45        0.72  52.74   -20.54  -17.53   0.00    8.17A
  28098   3   3  0      30.42        0.42  65.62   -19.84    0.63   0.00    8.17A
  28099   3   3  1     123.29        0.70  68.68   -16.35  -17.34   0.00    8.17A
  28100   3   1  0     105.78        0.70  43.33   -15.92    0.25   0.00    8.18A
  28101   2   0  0     374.55        0.90  25.79   -15.51    0.04   0.00    8.17A
  28102   3   1  1     119.35        0.74  44.57   -13.35  -17.74   0.00    8.17A
  28103   2   0  1       1.47        0.26  26.37   -12.13  -17.96   0.00    8.17A
  28104   3   0  0       3.64        0.17  40.73    -0.56    0.06   0.00    8.17A
  28105   3   0  1     240.13        0.98  41.86     2.10  -17.93   0.00    8.17A
  28106   4   1  0     331.98        1.23  63.59     8.63    0.27   0.00    8.15A
  28107   4   1  1     152.92        0.80  66.39    11.99  -17.71   0.00    8.14A
  28108   2  -1  0     229.42        0.75  28.91    13.57   -0.15   0.00    8.14A
  28109   2  -1  1     329.21        0.88  29.60    16.82  -18.15   0.00    8.14A
  28110   4   0  0     704.96        1.84  60.46    19.16    0.08   0.00    8.14A
  28111   3  -1  0     112.26        0.72  43.29    19.97   -0.13   0.00    8.12A
  28112   1  -1  0     189.63        0.54  17.65    20.60   -0.17   0.00    8.12A
  28113   4   0  1       1.16        0.14  62.92    22.31  -17.91   0.00    8.11A
  28114   3  -1  1     126.73        0.75  44.55    22.69  -18.13   0.00    8.13A
  28115   1  -1  1      35.59        0.23  17.98    25.51  -18.17   0.00    8.12A
  28116   4  -1  0     362.92        1.28  63.52    35.89   -0.11   0.00    8.10A
  28117   4  -1  1     174.03        0.84  66.42    39.41  -18.11   0.00    8.10A
  28118   2  -2  0    1010.64        1.89  37.33    40.28   -0.34   0.00    8.09A
  28119   3  -2  0     211.93        1.04  51.01    42.70   -0.32   0.00    8.08A
  28120   2  -2  1     134.23        0.70  38.36    43.23  -18.35   0.00    8.08A
  28121   3  -2  1     119.19        0.76  52.75    45.58  -18.33   0.00    8.09A
  28122   1  -2  0      93.25        0.48  28.39    49.95   -0.36   0.00    8.09A
  28123   1  -2  1     182.56        0.65  29.10    53.44  -18.38   0.00    8.07A
  28124   0  -1  0       1.96        0.06  12.21    60.99   -0.19   0.00    8.04A
  28125   2  -3  0      49.16        0.54  50.26    64.59   -0.53   0.00    8.02A
  28126   2  -3  1     162.37        0.88  52.01    67.58  -18.55   0.00    8.00A
  28127   0  -1  1     140.52        0.38  12.41    68.14  -18.19   0.00    8.00A
  28128   3  -3  0      25.84        0.40  65.46    68.41   -0.51   0.00    8.00A
  28129   1  -3  0     451.59        1.38  42.12    71.97   -0.55   0.00    8.00A
  28130   3  -3  1     104.77        0.64  68.83    72.40  -18.53   0.00    8.00A
  28131   0  -2  0     386.32        0.90  25.03    73.81   -0.38   0.00    8.00A
  28132   1  -3  1     312.51        1.14  43.42    74.97  -18.57   0.00    7.99A
  28133   0  -2  1       5.34        0.15  25.65    77.71  -18.39   0.00    8.00A
  28134   0  -3  0       1.57        0.17  39.40    88.18   -0.57   0.00    8.00A
  28135   0  -3  1     170.22        0.82  40.60    91.27  -18.60   0.00    8.00A
  28136   1  -4  0     539.13        1.61  60.87    95.23   -0.74   0.00    8.00A
  28137   1  -4  1      84.17        0.63  63.68    98.88  -18.78   0.00    8.00A
  28138  -1  -2  0      85.93        0.46  28.42   104.39   -0.40   0.00    8.00A
  28139   0  -4  0    1108.16        2.31  57.81   106.59   -0.76   0.00    8.00A
  28140  -1  -2  1     167.36        0.63  29.21   108.02  -18.42   0.00    8.00A
  28141  -1  -3  0     452.53        1.38  42.16   109.85   -0.59   0.00    8.00A
  28142   0  -4  1     246.12        1.06  60.30   110.05  -18.80   0.00    8.00A
  28143  -1  -1  0     184.63        0.53  17.67   112.21   -0.21   0.00    8.00A
  28144  -1  -3  1     302.08        1.12  43.53   112.94  -18.62   0.00    8.00A
  28145  -1  -1  1      35.77        0.24  18.11   117.37  -18.22   0.00    8.00A
  28146   2   0  0     371.17        2.00  25.79   -15.51    0.04   0.00    8.20A
  28147  -1  -4  0     537.85        1.60  60.93   124.12   -0.78   0.00    8.00A
  28148  -1  -4  1      85.24        0.63  63.84   127.89  -18.82   0.00    8.00A
  28149  -2  -2  0     982.97        1.86  37.39   131.92   -0.42   0.00    8.00A
  28150  -2  -3  0      47.03        0.53  50.35   133.53   -0.61   0.00    8.00A
  28151  -2  -2  1     138.60        0.71  38.56   135.10  -18.44   0.00    8.00A
  28152  -2  -3  1     149.58        0.85  52.24   136.71  -18.64   0.00    8.00A
  28153  -2  -1  0     227.66        0.74  28.94   141.73   -0.23   0.00    8.00A
  28154  -2  -1  1     310.41        0.86  29.78   145.27  -18.24   0.00    8.00A
  28155  -1   0  0       5.03        0.10  12.56   151.27   -0.02   0.00    8.00A
  28156  -3  -2  0     206.10        1.02  51.09   156.86   -0.44   0.00    8.00A
  28157  -1   0  1     249.49        0.51  12.87   158.01  -18.02   0.00    8.00A
  28158  -3  -2  1     117.15        0.76  53.05   160.04  -18.46   0.00    8.00A
  28159  -3  -3  0      26.82        0.40  65.62   160.16   -0.63   0.00    8.00A
  28160  -3  -1  0     108.68        0.71  43.33   164.08   -0.25   0.00    8.00A
  28161  -3  -3  1     101.29        0.63  69.35   164.54  -18.66   0.00    8.00A
  28162  -2   0  0     382.18        0.90  25.79   164.49   -0.04   0.00    8.00A
  28163  -3  -1  1     124.46        0.75  44.80   167.11  -18.26   0.00    8.00A
  28164  -2   0  1       1.40        0.26  26.52   168.20  -18.04   0.00    8.00A
  28165  -4  -1  0     362.15        1.27  63.59  -171.37   -0.27   0.00    7.95A
  28166  -4  -1  1     172.83        0.83  66.88  -167.39  -18.28   0.00    7.95A
  28167  -2   1  0     224.14        0.74  28.91  -166.43    0.15   0.00    7.96A
  28168  -2   1  1     315.82        0.86  29.75  -163.12  -17.84   0.00    7.95A
  28169  -4   0  0     720.40        1.85  60.46  -160.84   -0.08   0.00    7.96A
  28170  -3   1  0     116.45        0.73  43.29  -160.03    0.13   0.00    7.95A
  28171  -1   1  0     187.40        0.53  17.65  -159.40    0.17   0.00    7.96A
  28172  -4   0  1       1.28        0.15  63.27  -157.26  -18.08   0.00    7.95A
  28173  -3   1  1     126.23        0.75  44.72  -157.15  -17.86   0.00    7.94A
  28174  -1   1  1      35.02        0.23  18.12  -154.71  -17.82   0.00    7.94A
  28175  -4   1  0     342.51        1.23  63.52  -144.11    0.11   0.00    7.96A
  28176  -4   1  1     165.42        0.82  66.70  -140.29  -17.88   0.00    7.96A
  28177  -2   2  0     937.97        1.82  37.33  -139.72    0.34   0.00    7.94A
  28178  -3   2  0     189.14        0.99  51.01  -137.30    0.32   0.00    7.96A
  28179  -2   2  1     126.22        0.68  38.46  -136.89  -17.64   0.00    7.95A
  28180  -3   2  1     103.24        0.72  52.86  -134.41  -17.66   0.00    7.96A
  28181  -1   2  0     105.50        0.51  28.39  -130.05    0.36   0.00    7.97A
  28182  -1   2  1     256.72        0.78  29.18  -126.89  -17.62   0.00    7.97A
  28183   0   1  0       2.77        0.08  12.21  -119.01    0.19   0.00    7.99A
  28184  -2   3  0      58.16        0.58  50.26  -115.41    0.53   0.00    7.99A
  28185  -2   3  1     203.61        0.98  52.01  -112.66  -17.44   0.00    8.00A
  28186   0   1  1     171.92        0.42  12.48  -112.73  -17.80   0.00    8.01A
  28187  -3   3  0      35.85        0.45  65.46  -111.59    0.51   0.00    8.02A
  28188  -1   3  0     537.59        1.50  42.12  -108.03    0.55   0.00    8.00A
  28189  -3   3  1     129.70        0.71  68.80  -107.75  -17.47   0.00    8.01A
  28190   0   2  0     475.03        0.99  25.03  -106.19    0.38   0.00    7.99A
  28191  -1   3  1     376.64        1.25  43.40  -105.40  -17.42   0.00    8.01A
  28192   0   2  1      11.38        0.21  25.68  -102.84  -17.60   0.00    8.01A
  28193   0   3  0       1.57        0.17  39.40   -91.82    0.57   0.00    8.05A
  28194   0   3  1     203.96        0.89  40.53   -89.22  -17.40   0.00    8.07A
  28195  -1   4  0     618.85        1.71  60.87   -84.77    0.74   0.00    8.09A
  28196  -1   4  1      98.63        0.67  63.42   -81.63  -17.22   0.00    8.07A
  28197   1   2  0     100.08        0.50  28.42   -75.61    0.40   0.00    8.10A
  28198   0   4  0    1228.42        2.40  57.81   -73.41    0.76   0.00    8.11A
  28199   1   2  1     212.84        0.71  29.14   -72.59  -17.58   0.00    8.11A
  28200   0   4  1     277.23        1.13  60.01   -70.53  -17.20   0.00    8.11A
  28201   1   3  0     527.23        1.48  42.16   -70.15    0.59   0.00    8.10A
  28202   1   1  0     170.59        0.51  17.67   -67.79    0.21   0.00    8.12A
  28203   1   3  1     365.46        1.23  43.38   -67.63  -17.38   0.00    8.10A
  28204   1   1  1      34.01        0.23  18.04   -63.36  -17.78   0.00    8.10A
  28205   1   4  0     614.69        1.70  60.93   -55.88    0.78   0.00    8.13A
  28206   1   4  1      97.55        0.67  63.40   -52.84  -17.18   0.00    8.13A
  28207   2   2  0     846.25        1.73  37.39   -48.08    0.42   0.00    8.13A
  28208   2   3  0      55.25        0.56  50.35   -46.47    0.61   0.00    8.13A
  28209   2   2  1     118.74        0.67  38.39   -45.47  -17.56   0.00    8.12A
  28210   2   3  1     184.75        0.94  51.96   -43.91  -17.36   0.00    8.17A
  28211   2   1  0     214.45        0.72  28.94   -38.27    0.23   0.00    8.12A
  28212   2   1  1     326.48        0.88  29.64   -35.25  -17.75   0.00    8.13A
  28213   1   0  0       3.88        0.09  12.56   -28.73    0.02   0.00    8.14A
  28214   3   2  0     175.99        0.95  51.09   -23.14    0.44   0.00    8.15A
  28215   1   0  1     243.29        0.50  12.73   -22.40  -17.97   0.00    8.15A
  28216   3   2  1     106.18        0.72  52.74   -20.54  -17.53   0.00    8.15A
  28217   3   3  0      35.01        0.44  65.62   -19.84    0.63   0.00    8.14A
  28218   3   3  1     126.85        0.71  68.68   -16.35  -17.34   0.00    8.13A
  28219   3   1  0     111.03        0.72  43.33   -15.92    0.25   0.00    8.14A
  28220   2   0  0     378.38        0.90  25.79   -15.51    0.04   0.00    8.14A
  28221   3   1  1     119.74        0.74  44.57   -13.35  -17.73   0.00    8.13A
  28222   2   0  1       1.79        0.26  26.37   -12.13  -17.95   0.00    8.15A
  28223   3   0  0       3.14        0.16  40.73    -0.56    0.06   0.00    8.11A
  28224   3   0  1     248.90        1.00  41.86     2.10  -17.93   0.00    8.14A
  28225   4   1  0     331.20        1.23  63.59     8.63    0.27   0.00    8.11A
  28226   4   1  1     156.88        0.80  66.39    11.99  -17.71   0.00    8.10A
  28227   2  -1  0     230.92        0.75  28.91    13.57   -0.15   0.00    8.11A
  28228   2  -1  1     348.04        0.91  29.60    16.82  -18.15   0.00    8.11A
  28229   4   0  0     705.81        1.83  60.46    19.16    0.08   0.00    8.10A
  28230   3  -1  0     119.26        0.74  43.29    19.97   -0.13   0.00    8.09A
  28231   1  -1  0     190.47        0.54  17.65    20.60   -0.17   0.00    8.11A
  28232   4   0  1       1.56        0.15  62.92    22.31  -17.91   0.00    8.09A
  28233   3  -1  1     127.08        0.75  44.55    22.69  -18.13   0.00    8.12A
  28234   1  -1  1      36.81        0.24  17.98    25.51  -18.18   0.00    8.07A
  28235   4  -1  0     361.54        1.28  63.52    35.89   -0.11   0.00    8.07A
  28236   4  -1  1     180.64        0.86  66.42    39.41  -18.11   0.00    8.06A
  28237   2  -2  0    1025.80        1.90  37.33    40.28   -0.34   0.00    8.05A
  28238   3  -2  0     212.11        1.04  51.01    42.70   -0.32   0.00    8.07A
  28239   2  -2  1     139.88        0.72  38.36    43.23  -18.35   0.00    8.05A
  28240   3  -2  1     118.66        0.76  52.75    45.58  -18.33   0.00    8.06A
  28241   1  -2  0      94.75        0.48  28.39    49.95   -0.36   0.00    8.05A
  28242   1  -2  1     194.78        0.67  29.10    53.44  -18.38   0.00    8.03A
  28243   0  -1  0       2.28        0.06  12.21    60.99   -0.19   0.00    8.00A
  28244   2  -3  0      46.48        0.53  50.26    64.59   -0.53   0.00    7.97A
  28245   2  -3  1     167.99        0.89  52.01    67.58  -18.55   0.00    7.97A
  28246   0  -1  1     150.40        0.39  12.41    68.14  -18.19   0.00    7.97A
  28247   3  -3  0      28.92        0.42  65.46    68.41   -0.51   0.00    8.04A
  28248   1  -3  0     452.83        1.38  42.12    71.97   -0.55   0.00    7.97A
  28249   3  -3  1     108.16        0.65  68.83    72.40  -18.53   0.00    7.95A
  28250   0  -2  0     388.31        0.90  25.03    73.81   -0.38   0.00    7.95A
  28251   1  -3  1     311.44        1.14  43.42    74.97  -18.57   0.00    7.95A
  28252   0  -2  1       8.23        0.17  25.65    77.71  -18.39   0.00    7.96A
  28253   0  -3  0       1.64        0.18  39.40    88.18   -0.57   0.00    7.94A
  28254   0  -3  1     173.36        0.82  40.60    91.27  -18.59   0.00    7.96A
  28255   1  -4  0     541.12        1.61  60.87    95.23   -0.74   0.00    7.96A
  28256   1  -4  1      84.08        0.63  63.68    98.88  -18.77   0.00    7.95A
  28257  -1  -2  0      86.52        0.47  28.42   104.39   -0.40   0.00    7.96A
  28258   0  -4  0    1102.41        2.31  57.81   106.59   -0.76   0.00    7.96A
  28259  -1  -2  1     179.29        0.65  29.21   108.02  -18.42   0.00    7.95A
  28260  -1  -3  0     453.95        1.38  42.16   109.85   -0.59   0.00    7.95A
  28261   0  -4  1     249.44        1.07  60.30   110.05  -18.80   0.00    7.96A
  28262  -1  -1  0     187.41        0.53  17.67   112.21   -0.21   0.00    7.96A
  28263  -1  -3  1     302.61        1.12  43.53   112.94  -18.62   0.00    7.95A
  28264  -1  -1  1      37.27        0.24  18.11   117.37  -18.22   0.00    7.94A
  28265   2   0  0     377.64        2.02  25.79   -15.51    0.04   0.00    8.15A
  28266  -1  -4  0     538.49        1.60  60.93   124.12   -0.78   0.00    7.96A
  28267  -1  -4  1      86.15        0.63  63.84   127.89  -18.82   0.00    7.95A
  28268  -2  -2  0     988.55        1.87  37.39   131.92   -0.42   0.00    7.95A
  28269  -2  -3  0      47.41        0.53  50.35   133.53   -0.61   0.00    7.96A
  28270  -2  -2  1     139.96        0.72  38.56   135.10  -18.44   0.00    7.95A
  28271  -2  -3  1     151.16        0.85  52.24   136.71  -18.64   0.00    7.96A
  28272  -2  -1  0     229.10        0.74  28.94   141.73   -0.23   0.00    7.96A
  28273  -2  -1  1     324.10        0.87  29.78   145.27  -18.24   0.00    7.95A
  28274  -1   0  0       3.87        0.09  12.56   151.27   -0.02   0.00    7.96A
  28275  -3  -2  0     204.56        1.02  51.09   156.86   -0.44   0.00    7.95A
  28276  -1   0  1     273.73        0.53  12.87   158.01  -18.02   0.00    7.95A
  28277  -3  -2  1     116.89        0.76  53.05   160.04  -18.46   0.00    7.95A
  28278  -3  -3  0      30.13        0.42  65.62   160.16   -0.63   0.00    7.96A
  28279  -3  -1  0     117.53        0.74  43.33   164.08   -0.25   0.00    7.98A
  28280  -3  -3  1     104.89        0.64  69.35   164.54  -18.66   0.00    7.96A
  28281  -2   0  0     388.36        0.91  25.79   164.49   -0.04   0.00    7.95A
  28282  -3  -1  1     126.66        0.75  44.80   167.11  -18.26   0.00    7.95A
  28283  -2   0  1       1.67        0.26  26.52   168.20  -18.04   0.00    7.96A
  28284  -4  -1  0     364.84        1.27  63.59  -171.37   -0.27   0.00   11.96A
  28285  -4  -1  1     174.26        0.84  66.88  -167.39  -18.28   0.00   11.95A
  28286  -2   1  0     221.36        0.74  28.91  -166.43    0.15   0.00   11.95A
  28287  -2   1  1     316.88        0.86  29.75  -163.12  -17.84   0.00   11.95A
  28288  -4   0  0     718.20        1.85  60.46  -160.84   -0.08   0.00   11.95A
  28289  -3   1  0     113.96        0.72  43.29  -160.03    0.13   0.00   11.95A
  28290  -1   1  0     186.12        0.53  17.65  -159.40    0.17   0.00   11.96A
  28291  -4   0  1       1.17        0.15  63.27  -157.26  -18.08   0.00   11.95A
  28292  -3   1  1     125.55        0.75  44.72  -157.15  -17.86   0.00   11.95A
  28293  -1   1  1      33.75        0.23  18.12  -154.71  -17.82   0.00   11.96A
  28294  -4   1  0     343.59        1.23  63.52  -144.11    0.11   0.00   11.95A
  28295  -4   1  1     164.35        0.82  66.70  -140.29  -17.88   0.00   11.95A
  28296  -2   2  0     938.24        1.82  37.33  -139.72    0.34   0.00   11.95A
  28297  -3   2  0     187.65        0.98  51.01  -137.30    0.32   0.00   11.95A
  28298  -2   2  1     125.37        0.68  38.46  -136.89  -17.64   0.00   11.95A
  28299  -3   2  1     106.57        0.73  52.86  -134.41  -17.66   0.00   11.95A
  28300  -1   2  0     105.47        0.51  28.39  -130.05    0.36   0.00   11.95A
  28301  -1   2  1     257.63        0.78  29.18  -126.89  -17.62   0.00   11.95A
  28302   0   1  0       2.71        0.08  12.21  -119.01    0.19   0.00   11.96A
  28303  -2   3  0      57.95        0.57  50.26  -115.41    0.53   0.00   11.96A
  28304  -2   3  1     201.24        0.98  52.01  -112.66  -17.44   0.00   11.95A
  28305   0   1  1     169.26        0.41  12.48  -112.73  -17.80   0.00   11.96A
  28306  -3   3  0      34.54        0.44  65.46  -111.59    0.51   0.00   11.95A
  28307  -1   3  0     533.24        1.49  42.12  -108.03    0.55   0.00   11.95A
  28308  -3   3  1     128.12        0.71  68.80  -107.75  -17.47   0.00   11.95A
  28309   0   2  0     472.76        0.99  25.03  -106.19    0.38   0.00   11.95A
  28310  -1   3  1     376.07        1.25  43.40  -105.40  -17.42   0.00   11.95A
  28311   0   2  1       9.64        0.20  25.68  -102.84  -17.60   0.00   11.94A
  28312   0   3  0       1.62        0.17  39.40   -91.82    0.57   0.00   11.95A
  28313   0   3  1     201.10        0.88  40.53   -89.22  -17.40   0.00   11.95A
  28314  -1   4  0     619.03        1.71  60.87   -84.77    0.74   0.00   11.95A
  28315  -1   4  1      98.36        0.67  63.42   -81.63  -17.23   0.00   11.95A
  28316   1   2  0     100.35        0.50  28.42   -75.61    0.40   0.00   11.95A
  28317   0   4  0    1224.98        2.40  57.81   -73.41    0.76   0.00   11.95A
  28318   1   2  1     212.32        0.71  29.14   -72.59  -17.58   0.00   11.95A
  28319   0   4  1     276.12        1.12  60.01   -70.53  -17.20   0.00   11.95A
  28320   1   3  0     531.05        1.49  42.16   -70.15    0.59   0.00   11.95A
  28321   1   1  0     168.96        0.51  17.67   -67.79    0.21   0.00   11.95A
  28322   1   3  1     362.65        1.23  43.38   -67.63  -17.38   0.00   11.95A
  28323   1   1  1      33.02        0.22  18.04   -63.36  -17.78   0.00   11.95A
  28325  -4  -1  0     365.23        1.28  63.59  -171.37   -0.27   0.00   12.02A
  28326  -4  -1  1     167.87        0.82  66.88  -167.39  -18.28   0.00   11.99A
  28327  -2   1  0     223.67        0.74  28.91  -166.43    0.15   0.00   11.98A
  28328  -2   1  1     304.79        0.85  29.75  -163.12  -17.84   0.00   12.01A
  28329  -4   0  0     719.97        1.85  60.46  -160.84   -0.08   0.00   11.94A
  28330  -3   1  0     108.91        0.71  43.29  -160.03    0.13   0.00   12.00A
  28331  -1   1  0     185.67        0.53  17.65  -159.40    0.17   0.00   11.98A
  28332  -4   0  1       1.30        0.15  63.27  -157.26  -18.08   0.00   11.96A
  28333  -3   1  1     124.74        0.75  44.72  -157.15  -17.86   0.00   11.98A
  28334  -1   1  1      33.45        0.23  18.12  -154.71  -17.82   0.00   11.98A
  28335  -4   1  0     342.86        1.24  63.52  -144.11    0.11   0.00   11.98A
  28336  -4   1  1     159.12        0.81  66.70  -140.29  -17.88   0.00   11.93A
  28337  -2   2  0     925.63        1.81  37.33  -139.72    0.34   0.00   11.97A
  28338  -3   2  0     187.66        0.98  51.01  -137.30    0.32   0.00   11.94A
  28339  -2   2  1     125.93        0.68  38.46  -136.89  -17.64   0.00   11.99A
  28340  -3   2  1     104.45        0.72  52.86  -134.41  -17.66   0.00   11.98A
  28341  -1   2  0     104.47        0.51  28.39  -130.05    0.36   0.00   11.98A
  28342  -1   2  1     244.44        0.77  29.18  -126.89  -17.62   0.00   11.98A
  28343   0   1  0       2.68        0.08  12.21  -119.01    0.19   0.00   11.98A
  28344  -2   3  0      57.91        0.57  50.26  -115.41    0.53   0.00   11.99A
  28345  -2   3  1     195.06        0.96  52.01  -112.66  -17.44   0.00   11.98A
  28346   0   1  1     159.63        0.40  12.48  -112.73  -17.80   0.00   11.99A
  28347  -3   3  0      31.25        0.42  65.46  -111.59    0.51   0.00   11.99A
  28348  -1   3  0     532.45        1.49  42.12  -108.03    0.55   0.00   11.98A
  28349  -3   3  1     124.91        0.70  68.80  -107.75  -17.47   0.00   11.98A
  28350   0   2  0     473.90        1.00  25.03  -106.19    0.38   0.00   11.98A
  28351  -1   3  1     371.30        1.24  43.40  -105.40  -17.42   0.00   11.98A
  28352   0   2  1       7.00        0.17  25.68  -102.84  -17.60   0.00   11.98A
  28353   0   3  0       1.19        0.17  39.40   -91.82    0.57   0.00   11.98A
  28354   0   3  1     196.38        0.88  40.53   -89.22  -17.40   0.00   12.02A
  28355  -1   4  0     610.34        1.69  60.87   -84.77    0.74   0.00   12.01A
  28356  -1   4  1      95.91        0.66  63.42   -81.63  -17.22   0.00   12.01A
  28357   1   2  0      99.63        0.50  28.42   -75.61    0.40   0.00   11.98A
  28358   0   4  0    1210.95        2.38  57.81   -73.41    0.76   0.00   11.98A
  28359   1   2  1     196.39        0.69  29.14   -72.59  -17.58   0.00   11.98A
  28360   0   4  1     271.20        1.11  60.01   -70.53  -17.20   0.00   11.98A
  28361   1   3  0     525.73        1.48  42.16   -70.15    0.59   0.00   11.98A
  28362   1   1  0     168.87        0.51  17.67   -67.79    0.21   0.00   11.98A
  28363   1   3  1     358.72        1.22  43.38   -67.63  -17.38   0.00   11.98A
  28364   1   1  1      32.61        0.22  18.04   -63.36  -17.78   0.00   11.98A
  28365   1   4  0     608.39        1.69  60.93   -55.88    0.78   0.00   11.99A
  28366   1   4  1      96.19        0.67  63.40   -52.84  -17.18   0.00   11.95A
  28367   2   2  0     830.44        1.71  37.39   -48.08    0.42   0.00   11.98A
  28368   2   3  0      52.91        0.55  50.35   -46.47    0.61   0.00   11.98A
  28369   2   2  1     116.14        0.66  38.39   -45.47  -17.56   0.00   11.98A
  28370   2   3  1     175.97        0.92  51.96   -43.91  -17.36   0.00   11.98A
  28371   2   1  0     214.47        0.72  28.94   -38.27    0.23   0.00   11.98A
  28372   2   1  1     305.67        0.85  29.64   -35.25  -17.76   0.00   11.98A
  28373   1   0  0       2.33        0.06  12.56   -28.73    0.02   0.00   11.98A
  28374   3   2  0     174.17        0.95  51.09   -23.14    0.44   0.00   11.98A
  28375   1   0  1     221.78        0.48  12.73   -22.40  -17.98   0.00   11.88A
  28376   3   2  1     102.05        0.71  52.74   -20.54  -17.53   0.00   11.98A
  28377  -4  -1  0     329.11        1.23  63.59  -171.37   -0.27   0.00   99.42A
  28379  -2   1  0     212.15        0.72  28.91  -166.43    0.15   0.00   99.61A
  28380  -2   1  1     281.06        0.82  29.75  -163.12  -17.84   0.00   99.66A
  28381  -4   0  0     676.13        1.88  60.46  -160.84   -0.08   0.00   99.72A
  28382  -3   1  0     103.42        0.70  43.29  -160.03    0.13   0.00   99.74A
  28383  -1   1  0     176.47        0.52  17.65  -159.40    0.17   0.00   99.78A
  28384  -4   0  1       1.05        0.14  63.27  -157.26  -18.08   0.00   99.79A
  28385  -3   1  1     117.41        0.74  44.72  -157.15  -17.86   0.00   99.80A
  28386  -1   1  1      32.41        0.22  18.12  -154.71  -17.82   0.00   99.81A
  28387  -4   1  0     311.22        1.20  63.52  -144.11    0.11   0.00   99.82A
  28388  -4   1  1     142.74        0.76  66.70  -140.29  -17.88   0.00   99.82A
  28389  -2   2  0     837.37        1.72  37.33  -139.72    0.34   0.00   99.83A
  28390  -3   2  0     173.44        0.93  51.01  -137.30    0.32   0.00   99.83A
  28391  -2   2  1     116.40        0.66  38.46  -136.89  -17.64   0.00   99.84A
  28392  -3   2  1      96.22        0.69  52.86  -134.41  -17.66   0.00   99.84A
  28393  -1   2  0     100.22        0.50  28.39  -130.05    0.36   0.00   99.85A
  28394  -1   2  1     223.66        0.73  29.18  -126.89  -17.62   0.00   99.85A
  28395   0   1  0       2.41        0.08  12.21  -119.01    0.19   0.00   99.85A
  28396  -2   3  0      55.02        0.57  50.26  -115.41    0.53   0.00   99.86A
  28397  -2   3  1     178.66        0.92  52.01  -112.66  -17.44   0.00   99.86A
  28398   0   1  1     150.39        0.39  12.48  -112.73  -17.80   0.00   99.86A
  28399  -3   3  0      29.95        0.40  65.46  -111.59    0.51   0.00   99.86A
  28400  -1   3  0     495.36        1.44  42.12  -108.03    0.55   0.00   99.87A
  28401  -3   3  1     110.11        0.66  68.80  -107.75  -17.47   0.00   99.87A
  28402   0   2  0     445.40        0.97  25.03  -106.19    0.38   0.00   99.87A
  28403  -1   3  1     350.48        1.21  43.40  -105.40  -17.42   0.00   99.87A
  28404   0   2  1       6.95        0.16  25.68  -102.84  -17.60   0.00   99.87A
  28405   0   3  0       1.12        0.17  39.40   -91.82    0.57   0.00   99.87A
  28406   0   3  1     180.64        0.84  40.53   -89.22  -17.40   0.00   99.88A
  28407  -1   4  0     571.52        1.71  60.87   -84.77    0.74   0.00   99.88A
  28408  -1   4  1      93.94        0.66  63.42   -81.63  -17.22   0.00   99.88A
  28409   1   2  0      95.97        0.49  28.42   -75.61    0.40   0.00   99.88A
  28410   0   4  0    1133.18        2.33  57.81   -73.41    0.76   0.00   99.88A
  28411   1   2  1     176.17        0.64  29.14   -72.59  -17.58   0.00   99.88A
  28412   0   4  1     256.02        1.08  60.01   -70.53  -17.20   0.00   99.88A
  28413   1   3  0     496.34        1.42  42.16   -70.15    0.59   0.00   99.88A
  28414   1   1  0     161.33        0.50  17.67   -67.79    0.21   0.00   99.88A
  28415   1   3  1     337.83        1.18  43.38   -67.63  -17.38   0.00   99.88A
  28416   1   1  1      31.16        0.22  18.04   -63.36  -17.78   0.00   99.88A
  28417   1   4  0     559.06        1.63  60.93   -55.88    0.78   0.00   99.88A
  28418   1   4  1      93.66        0.65  63.40   -52.84  -17.18   0.00   99.88A
  28419   2   2  0     730.23        1.59  37.39   -48.08    0.42   0.00   99.88A
  28420   2   3  0      50.89        0.55  50.35   -46.47    0.61   0.00   99.88A
  28421   2   2  1     111.93        0.64  38.39   -45.47  -17.56   0.00   99.89A
  28422   2   3  1     162.48        0.88  51.96   -43.91  -17.36   0.00   99.88A
  28423   2   1  0     197.33        0.68  28.94   -38.27    0.23   0.00   99.88A
  28424   2   1  1     276.01        0.80  29.64   -35.25  -17.75   0.00   99.88A
  28425   1   0  0       0.55        0.04  12.56   -28.73    0.02   0.00   99.89A
  28426   3   2  0     158.81        0.90  51.09   -23.14    0.44   0.00   99.89A
  28427   1   0  1     209.05        0.46  12.73   -22.40  -17.97   0.00   99.89A
  28428   3   2  1      97.99        0.70  52.74   -20.54  -17.53   0.00   99.89A
  28429   3   3  0      27.46        0.38  65.62   -19.84    0.63   0.00   99.89A
  28430   3   3  1     108.35        0.65  68.68   -16.35  -17.34   0.00   99.89A
  28431   3   1  0      95.79        0.67  43.33   -15.92    0.25   0.00   99.89A
  28432   2   0  0     343.14        0.85  25.79   -15.51    0.04   0.00   99.89A
  28433   3   1  1     111.93        0.71  44.57   -13.35  -17.73   0.00   99.89A
  28434   2   0  1       1.69        0.26  26.37   -12.13  -17.96   0.00   99.89A
  28435   3   0  0       0.72        0.13  40.73    -0.56    0.06   0.00   99.89A
  28436   3   0  1     222.89        0.94  41.86     2.10  -17.93   0.00   99.89A
  28437   4   1  0     284.10        1.14  63.59     8.63    0.27   0.00   99.89A
  28438   4   1  1     133.20        0.74  66.39    11.99  -17.71   0.00   99.89A
  28439   2  -1  0     206.14        0.69  28.91    13.57   -0.15   0.00   99.89A
  28440   2  -1  1     295.01        0.84  29.60    16.82  -18.15   0.00   99.89A
  28441   4   0  0     639.02        1.78  60.46    19.16    0.08   0.00   99.89A
  28442   3  -1  0     104.76        0.69  43.29    19.97   -0.13   0.00   99.89A
  28443   1  -1  0     173.26        0.50  17.65    20.60   -0.17   0.00   99.89A
  28444   4   0  1       0.91        0.14  62.92    22.31  -17.91   0.00   99.89A
  28445   3  -1  1     115.13        0.74  44.55    22.69  -18.13   0.00   99.89A
  28446   1  -1  1      33.13        0.22  17.98    25.51  -18.17   0.00   99.89A
  28447   4  -1  0     310.31        1.18  63.52    35.89   -0.11   0.00   99.89A
  28448   4  -1  1     151.76        0.78  66.42    39.41  -18.11   0.00   99.89A
  28449   2  -2  0     883.95        1.73  37.33    40.28   -0.34   0.00   99.89A
  28450   3  -2  0     189.75        0.97  51.01    42.70   -0.32   0.00   99.89A
  28451   2  -2  1     125.44        0.68  38.36    43.23  -18.35   0.00   99.89A
  28452   3  -2  1     107.37        0.73  52.75    45.58  -18.33   0.00   99.89A
  28453   1  -2  0      84.71        0.45  28.39    49.95   -0.36   0.00   99.89A
  28454   1  -2  1     165.80        0.61  29.10    53.44  -18.37   0.00   99.89A
  28455   0  -1  0       1.89        0.06  12.21    60.99   -0.19   0.00   99.89A
  28456   2  -3  0      44.37        0.52  50.26    64.59   -0.53   0.00   99.89A
  28457   2  -3  1     143.25        0.83  52.01    67.58  -18.55   0.00   99.89A
  28458   0  -1  1     120.40        0.34  12.41    68.14  -18.19   0.00   99.89A
  28459   3  -3  0      22.96        0.37  65.46    68.41   -0.51   0.00   99.89A
  28460   1  -3  0     405.24        1.28  42.12    71.97   -0.55   0.00   99.89A
  28461   3  -3  1      91.08        0.60  68.83    72.40  -18.53   0.00   99.89A
  28462   0  -2  0     316.24        0.79  25.03    73.81   -0.38   0.00   99.89A
  28463   1  -3  1     283.93        1.08  43.42    74.97  -18.58   0.00   99.89A
  28464   0  -2  1       5.19        0.14  25.65    77.71  -18.39   0.00   99.89A
  28465   0  -3  0       1.32        0.17  39.40    88.18   -0.57   0.00   99.89A
  28466   0  -3  1     153.38        0.77  40.60    91.27  -18.60   0.00   99.89A
  28467   1  -4  0     482.78        1.57  60.87    95.23   -0.74   0.00   99.89A
  28468   1  -4  1      81.10        0.62  63.68    98.88  -18.78   0.00   99.89A
  28469  -1  -2  0      70.66        0.40  28.42   104.39   -0.40   0.00   99.89A
  28470   0  -4  0     991.10        2.18  57.81   106.59   -0.76   0.00   99.89A
  28471  -1  -2  1     151.31        0.58  29.21   108.02  -18.42   0.00   99.89A
  28472  -1  -3  0     393.91        1.26  42.16   109.85   -0.59   0.00   99.89A
  28473   0  -4  1     227.74        1.02  60.30   110.05  -18.80   0.00   99.89A
  28474  -1  -1  0     153.95        0.44  17.67   112.21   -0.21   0.00   99.89A
  28475  -1  -3  1     276.95        1.07  43.53   112.94  -18.62   0.00   99.89A
  28476  -1  -1  1      32.40        0.22  18.11   117.37  -18.22   0.00   99.89A
  28477   2   0  0     346.19        1.90  25.79   -15.51    0.04   0.00   99.89A
  28478  -1  -4  0     472.45        1.51  60.93   124.12   -0.78   0.00   99.89A
  28479  -1  -4  1      82.35        0.61  63.84   127.89  -18.82   0.00   99.89A
  28480  -2  -2  0     785.53        1.62  37.39   131.92   -0.42   0.00   99.89A
  28481  -2  -3  0      42.23        0.51  50.35   133.53   -0.61   0.00   99.89A
  28482  -2  -2  1     126.66        0.67  38.56   135.10  -18.44   0.00   99.89A
  28483  -2  -3  1     132.26        0.80  52.24   136.71  -18.64   0.00   99.89A
  28485  -2  -1  1     265.89        0.77  29.78   145.27  -18.24   0.00   99.89A
  28486  -1   0  0       0.47        0.04  12.56   151.27   -0.02   0.00   99.89A
  28487  -3  -2  0     176.61        0.92  51.09   156.86   -0.44   0.00   99.89A
  28488  -1   0  1     214.36        0.46  12.87   158.01  -18.02   0.00   99.89A
  28489  -3  -2  1     104.56        0.72  53.05   160.04  -18.46   0.00   99.89A
  28490  -3  -3  0      22.91        0.36  65.62   160.16   -0.63   0.00   99.89A
  28491  -3  -1  0      96.87        0.66  43.33   164.08   -0.25   0.00   99.89A
  28494  -3  -1  1     108.63        0.71  44.80   167.11  -18.26   0.00   99.89A
  28495  -2   0  1       1.02        0.26  26.52   168.20  -18.04   0.00   99.89A
  28496  -4  -1  0     329.95        1.25  63.59  -171.37   -0.27   0.00   99.91A
  28498  -2   1  0     209.02        0.73  28.91  -166.43    0.15   0.00   99.90A
  28499  -2   1  1     253.40        0.79  29.75  -163.12  -17.84   0.00   99.90A
  28500  -4   0  0     674.48        1.90  60.46  -160.84   -0.08   0.00   99.90A
  28501  -3   1  0     101.52        0.71  43.29  -160.03    0.13   0.00   99.90A
  28502  -1   1  0     176.59        0.53  17.65  -159.40    0.17   0.00   99.90A
  28503  -4   0  1       1.23        0.15  63.27  -157.26  -18.08   0.00   99.90A
  28504  -3   1  1     117.01        0.75  44.72  -157.15  -17.86   0.00   99.90A
  28505  -1   1  1      32.10        0.23  18.12  -154.71  -17.82   0.00   99.90A
  28506  -4   1  0     310.68        1.22  63.52  -144.11    0.11   0.00   99.90A
  28507  -4   1  1     132.61        0.75  66.70  -140.29  -17.88   0.00   99.90A
  28508  -2   2  0     838.62        1.75  37.33  -139.72    0.34   0.00   99.90A
  28509  -3   2  0     171.70        0.94  51.01  -137.30    0.32   0.00   99.90A
  28510  -2   2  1     117.76        0.67  38.46  -136.89  -17.64   0.00   99.90A
  28511  -3   2  1      58.07        0.56  52.86  -134.41  -17.66   0.00   99.90A
  28512  -1   2  0      98.39        0.50  28.39  -130.05    0.36   0.00   99.90A
  28513  -1   2  1     262.21        0.80  29.18  -126.89  -17.62   0.00   99.90A
  28514   0   1  0       2.69        0.08  12.21  -119.01    0.19   0.00   99.90A
  28515  -2   3  0      55.70        0.57  50.26  -115.41    0.53   0.00   99.90A
  28516  -2   3  1     186.16        0.96  52.01  -112.66  -17.44   0.00   99.90A
  28517   0   1  1     177.49        0.43  12.48  -112.73  -17.80   0.00   99.90A
  28518  -3   3  0      29.75        0.41  65.46  -111.59    0.51   0.00   99.90A
  28519  -1   3  0     493.35        1.46  42.12  -108.03    0.55   0.00   99.90A
  28520  -3   3  1     110.80        0.68  68.80  -107.75  -17.47   0.00   99.90A
  28521   0   2  0     443.53        0.99  25.03  -106.19    0.38   0.00   99.90A
  28522  -1   3  1     347.87        1.23  43.40  -105.40  -17.42   0.00   99.90A
  28523   0   2  1       6.97        0.17  25.68  -102.84  -17.60   0.00   99.90A
  28524   0   3  0       1.55        0.18  39.40   -91.82    0.57   0.00   99.90A
  28525   0   3  1     188.39        0.87  40.53   -89.22  -17.40   0.00   99.90A
  28526  -1   4  0     568.87        1.74  60.87   -84.77    0.74   0.00   99.90A
  28527  -1   4  1      95.19        0.67  63.42   -81.63  -17.22   0.00   99.90A
  28528   1   2  0      97.03        0.50  28.42   -75.61    0.40   0.00   99.90A
  28529   0   4  0    1136.26        2.39  57.81   -73.41    0.76   0.00   99.90A
  28530   1   2  1     203.76        0.70  29.14   -72.59  -17.58   0.00   99.90A
  28531   0   4  1     254.91        1.10  60.01   -70.53  -17.20   0.00   99.90A
  28532   1   3  0     496.75        1.46  42.16   -70.15    0.59   0.00   99.90A
  28533   1   1  0     158.15        0.50  17.67   -67.79    0.21   0.00   99.90A
  28534   1   3  1     334.42        1.20  43.38   -67.63  -17.38   0.00   99.90A
  28535   1   1  1      30.16        0.22  18.04   -63.36  -17.78   0.00   99.90A
  28536   1   4  0     558.14        1.67  60.93   -55.88    0.78   0.00   99.90A
  28537   1   4  1      93.00        0.66  63.40   -52.84  -17.18   0.00   99.90A
  28538   2   2  0     734.25        1.63  37.39   -48.08    0.42   0.00   99.90A
  28539   2   3  0      50.29        0.55  50.35   -46.47    0.61   0.00   99.90A
  28540   2   2  1     110.68        0.66  38.39   -45.47  -17.56   0.00   99.90A
  28541   2   3  1     164.82        0.91  51.96   -43.91  -17.36   0.00   99.90A
  28542   2   1  0     193.71        0.69  28.94   -38.27    0.23   0.00   99.90A
  28543   2   1  1     253.20        0.78  29.64   -35.25  -17.75   0.00   99.90A
  28544   1   0  0       0.59        0.05  12.56   -28.73    0.02   0.00   99.90A
  28545   3   2  0     159.70        0.91  51.09   -23.14    0.44   0.00   99.90A
  28546   1   0  1     142.76        0.39  12.73   -22.40  -17.98   0.00   99.90A
  28547   3   2  1      56.92        0.56  52.74   -20.54  -17.53   0.00   99.90A
  28548   3   3  0      27.07        0.40  65.62   -19.84    0.63   0.00   99.90A
  28549   3   3  1     106.91        0.66  68.68   -16.35  -17.34   0.00   99.90A
  28550   3   1  0      95.41        0.69  43.33   -15.92    0.25   0.00   99.90A
  28551   2   0  0     340.32        0.86  25.79   -15.51    0.04   0.00   99.90A
  28552   3   1  1     111.64        0.73  44.57   -13.35  -17.73   0.00   99.90A
  28553   2   0  1       1.60        0.26  26.37   -12.13  -17.96   0.00   99.90A
  28554   3   0  0       0.63        0.13  40.73    -0.56    0.06   0.00   99.90A
  28555   3   0  1     175.85        0.86  41.86     2.10  -17.93   0.00   99.90A
  28556   4   1  0     285.49        1.17  63.59     8.63    0.27   0.00   99.90A
  28557   4   1  1     123.62        0.73  66.39    11.99  -17.71   0.00   99.90A
  28558   2  -1  0     202.65        0.70  28.91    13.57   -0.15   0.00   99.90A
  28559   2  -1  1     267.41        0.83  29.60    16.82  -18.15   0.00   99.90A
  28560   4   0  0     636.44        1.85  60.46    19.16    0.08   0.00   99.90A
  28561   3  -1  0     103.80        0.70  43.29    19.97   -0.13   0.00   99.90A
  28562   1  -1  0     171.46        0.51  17.65    20.60   -0.17   0.00   99.90A
  28563   4   0  1       0.94        0.14  62.92    22.31  -17.91   0.00   99.90A
  28564   3  -1  1     115.18        0.76  44.55    22.69  -18.13   0.00   99.90A
  28565   1  -1  1      33.48        0.23  17.98    25.51  -18.17   0.00   99.90A
  28566   4  -1  0     309.09        1.21  63.52    35.89   -0.11   0.00   99.90A
  28567   4  -1  1     138.86        0.77  66.42    39.41  -18.11   0.00   99.90A
  28568   2  -2  0     887.46        1.77  37.33    40.28   -0.34   0.00   99.90A
  28569   3  -2  0     187.89        0.98  51.01    42.70   -0.32   0.00   99.90A
  28570   2  -2  1     127.62        0.70  38.36    43.23  -18.35   0.00   99.89A
  28571   3  -2  1      65.10        0.59  52.75    45.58  -18.33   0.00   99.90A
  28572   1  -2  0      85.00        0.45  28.39    49.95   -0.36   0.00   99.90A
  28573   1  -2  1     191.78        0.67  29.10    53.44  -18.37   0.00   99.90A
  28574   0  -1  0       1.85        0.06  12.21    60.99   -0.19   0.00   99.90A
  28575   2  -3  0      43.16        0.52  50.26    64.59   -0.53   0.00   99.89A
  28576   2  -3  1     146.88        0.86  52.01    67.58  -18.55   0.00   99.90A
  28577   0  -1  1     145.76        0.39  12.41    68.14  -18.19   0.00   99.89A
  28578   3  -3  0      22.95        0.39  65.46    68.41   -0.51   0.00   99.90A
  28579   1  -3  0     397.99        1.30  42.12    71.97   -0.55   0.00   99.90A
  28580   3  -3  1      89.10        0.61  68.83    72.40  -18.53   0.00   99.90A
  28581   0  -2  0     311.73        0.80  25.03    73.81   -0.38   0.00   99.90A
  28582   1  -3  1     279.53        1.11  43.42    74.97  -18.57   0.00   99.90A
  28583   0  -2  1       4.86        0.14  25.65    77.71  -18.39   0.00   99.89A
  28584   0  -3  0       1.59        0.18  39.40    88.18   -0.57   0.00   99.89A
  28585   0  -3  1     158.77        0.81  40.60    91.27  -18.60   0.00   99.90A
  28586   1  -4  0     473.59        1.58  60.87    95.23   -0.74   0.00   99.90A
  28587   1  -4  1      80.74        0.64  63.68    98.88  -18.77   0.00   99.90A
  28588  -1  -2  0      69.53        0.41  28.42   104.39   -0.40   0.00   99.89A
  28589   0  -4  0     964.86        2.23  57.81   106.59   -0.76   0.00   99.90A
  28590  -1  -2  1     175.73        0.65  29.21   108.02  -18.42   0.00   99.90A
  28591  -1  -3  0     386.50        1.30  42.16   109.85   -0.59   0.00   99.90A
  28592   0  -4  1     223.72        1.06  60.30   110.05  -18.80   0.00   99.90A
  28593  -1  -1  0     149.48        0.46  17.67   112.21   -0.21   0.00   99.89A
  28594  -1  -3  1     271.11        1.10  43.53   112.94  -18.62   0.00   99.89A
  28595  -1  -1  1      32.30        0.23  18.11   117.37  -18.22   0.00   99.89A
  28596   2   0  0     339.63        1.96  25.79   -15.51    0.04   0.00   99.90A
  28597  -1  -4  0     460.31        1.55  60.93   124.12   -0.78   0.00   99.89A
  28598  -1  -4  1      79.83        0.63  63.84   127.89  -18.82   0.00   99.90A
  28599  -2  -2  0     769.59        1.66  37.39   131.92   -0.42   0.00   99.90A
  28600  -2  -3  0      41.51        0.52  50.35   133.53   -0.61   0.00   99.89A
  28601  -2  -2  1     124.60        0.69  38.56   135.10  -18.44   0.00   99.90A
  28602  -2  -3  1     134.01        0.83  52.24   136.71  -18.64   0.00   99.90A
  28604  -2  -1  1     238.64        0.76  29.78   145.27  -18.24   0.00   99.90A
  28605  -1   0  0       0.39        0.04  12.56   151.27   -0.02   0.00   99.90A
  28606  -3  -2  0     171.62        0.94  51.09   156.86   -0.44   0.00   99.90A
  28607  -1   0  1     148.43        0.40  12.87   158.01  -18.02   0.00   99.90A
  28608  -3  -2  1      61.95        0.59  53.05   160.04  -18.46   0.00   99.90A
  28609  -3  -3  0      21.58        0.38  65.62   160.16   -0.63   0.00   99.90A
  28610  -3  -1  0      97.79        0.68  43.33   164.08   -0.25   0.00   99.90A
  28613  -3  -1  1     109.63        0.73  44.80   167.11  -18.26   0.00   99.90A
  28614  -2   0  1       1.02        0.27  26.52   168.20  -18.04   0.00   99.90A
  28615  -2   1  0     188.40        0.71  28.91  -166.43    0.15   0.00  196.99A
  28616  -2   1  1     227.75        0.77  29.75  -163.12  -17.84   0.00  197.52A
  28617  -1   1  0     155.96        0.51  17.65  -159.40    0.17   0.00  197.89A
  28618  -1   1  1      29.15        0.22  18.12  -154.71  -17.82   0.00  198.15A
  28619  -2   2  0     718.84        1.66  37.33  -139.72    0.34   0.00  198.34A
  28620  -2   2  1     100.16        0.64  38.46  -136.89  -17.64   0.00  198.48A
  28621  -1   2  0      90.10        0.49  28.39  -130.05    0.36   0.00  198.58A
  28622  -1   2  1     227.98        0.77  29.18  -126.89  -17.62   0.00  198.66A
  28623   0   1  0       2.42        0.08  12.21  -119.01    0.19   0.00  198.71A
  28624   0   1  1     152.65        0.40  12.48  -112.73  -17.80   0.00  198.76A
  28625  -1   3  0     440.38        1.41  42.12  -108.03    0.55   0.00  198.80A
  28626   0   2  0     396.04        0.95  25.03  -106.19    0.38   0.00  198.83A
  28627   0   2  1       6.43        0.17  25.68  -102.84  -17.60   0.00  198.86A
  28628   0   3  0       1.45        0.18  39.40   -91.82    0.57   0.00  198.89A
  28629   0   3  1     166.67        0.84  40.53   -89.22  -17.40   0.00  198.91A
  28630   1   2  0      90.60        0.49  28.42   -75.61    0.40   0.00  198.94A
  28632  -2   1  0     189.71        0.71  28.91  -166.43    0.15   0.00  199.09A
  28633  -2   1  1     192.25        0.71  29.75  -163.12  -17.84   0.00  199.10A
  28634  -1   1  0     154.33        0.51  17.65  -159.40    0.17   0.00  199.10A
  28635  -1   1  1      29.07        0.22  18.12  -154.71  -17.82   0.00  199.11A
  28636  -2   2  0     702.01        1.65  37.33  -139.72    0.34   0.00  199.11A
  28637  -2   2  1      98.07        0.63  38.46  -136.89  -17.64   0.00  199.12A
  28638  -1   2  0      88.95        0.49  28.39  -130.05    0.36   0.00  199.12A
  28639  -1   2  1     171.30        0.67  29.18  -126.89  -17.62   0.00  199.13A
  28640   0   1  0       2.14        0.06  12.21  -119.01    0.19   0.00  199.13A
  28641   0   1  1     152.11        0.41  12.48  -112.73  -17.80   0.00  199.14A
  28642  -1   3  0     432.16        1.40  42.12  -108.03    0.55   0.00  199.14A
  28643   0   2  0     392.36        0.95  25.03  -106.19    0.38   0.00  199.14A
  28644   0   2  1       6.62        0.17  25.68  -102.84  -17.60   0.00  199.15A
  28645   0   3  0       1.22        0.18  39.40   -91.82    0.57   0.00  199.15A
  28646   0   3  1     163.74        0.83  40.53   -89.22  -17.40   0.00  199.15A
  28647   1   2  0      89.42        0.49  28.42   -75.61    0.40   0.00  199.16A
  28648   1   2  1     135.97        0.59  29.14   -72.59  -17.58   0.00  199.16A
  28649   1   3  0     438.11        1.39  42.16   -70.15    0.59   0.00  199.16A
  28650   1   1  0     144.83        0.49  17.67   -67.79    0.21   0.00  199.16A
  28651   1   1  1      28.36        0.22  18.04   -63.36  -17.78   0.00  199.17A
  28652   2   2  0     640.63        1.55  37.39   -48.08    0.42   0.00  199.17A
  28653   2   2  1      99.49        0.63  38.39   -45.47  -17.56   0.00  199.17A
  28654   2   1  0     178.58        0.68  28.94   -38.27    0.23   0.00  199.18A
  28655   2   1  1     191.27        0.72  29.64   -35.25  -17.76   0.00  199.18A
  28656   1   0  0       0.60        0.05  12.56   -28.73    0.02   0.00  199.18A
  28657   1   0  1     113.44        0.35  12.73   -22.40  -17.97   0.00  199.18A
  28658   2   0  0     311.96        0.84  25.79   -15.51    0.04   0.00  199.18A
  28659   2   0  1      18.09        0.30  26.37   -12.13  -17.95   0.00  199.18A
  28660   3   0  0       0.37        0.13  40.73    -0.56    0.06   0.00  199.19A
  28661   3   0  1     162.37        0.84  41.86     2.10  -17.93   0.00  199.19A
  28662   2  -1  0     182.82        0.68  28.91    13.57   -0.15   0.00  199.19A
  28663   2  -1  1     201.68        0.74  29.60    16.82  -18.15   0.00  199.19A
  28664   1  -1  0     151.20        0.49  17.65    20.60   -0.17   0.00  199.19A
  28665   1  -1  1      30.95        0.23  17.98    25.51  -18.17   0.00  199.19A
  28666   2  -2  0     753.53        1.66  37.33    40.28   -0.34   0.00  199.19A
  28667   2  -2  1     111.28        0.67  38.36    43.23  -18.35   0.00  199.19A
  28668   1  -2  0      77.34        0.44  28.39    49.95   -0.36   0.00  199.19A
  28669   1  -2  1     129.63        0.57  29.10    53.44  -18.38   0.00  199.19A
  28670   0  -1  0       1.46        0.06  12.21    60.99   -0.19   0.00  199.20A
  28671   0  -1  1     119.74        0.36  12.41    68.14  -18.19   0.00  199.20A
  28672   1  -3  0     346.65        1.24  42.12    71.97   -0.55   0.00  199.20A
  28673   0  -2  0     273.09        0.76  25.03    73.81   -0.38   0.00  199.20A
  28674   0  -2  1       4.64        0.14  25.65    77.71  -18.40   0.00  199.20A
  28675   0  -3  0       0.95        0.18  39.40    88.18   -0.57   0.00  199.20A
  28676   0  -3  1     137.43        0.76  40.60    91.27  -18.59   0.00  199.20A
  28677  -1  -2  0      65.85        0.40  28.42   104.39   -0.40   0.00  199.20A
  28678  -1  -2  1     114.70        0.54  29.21   108.02  -18.42   0.00  199.20A
  28679  -1  -3  0     345.60        1.23  42.16   109.85   -0.59   0.00  199.20A
  28680  -1  -1  0     147.79        0.45  17.67   112.21   -0.21   0.00  199.21A
  28681  -1  -1  1      30.64        0.23  18.11   117.37  -18.22   0.00  199.21A
  28682  -2  -2  0     680.04        1.56  37.39   131.92   -0.42   0.00  199.21A
  28683  -2  -2  1     113.05        0.67  38.56   135.10  -18.44   0.00  199.21A
  28684  -2  -1  0     163.96        0.63  28.94   141.73   -0.23   0.00  199.21A
  28685  -2  -1  1     192.85        0.69  29.78   145.27  -18.24   0.00  199.21A
  28686  -1   0  0       0.39        0.04  12.56   151.27   -0.02   0.00  199.21A
  28687  -1   0  1     119.33        0.36  12.87   158.01  -18.02   0.00  199.21A
  28689  -2   0  1       1.19        0.27  26.52   168.20  -18.04   0.00  199.21A
  28690  -2   1  0     186.42        0.70  28.91  -166.43    0.15   0.00  199.20A
  28691  -2   1  1     224.62        0.76  29.75  -163.12  -17.84   0.00  199.20A
  28692  -1   1  0     153.96        0.51  17.65  -159.40    0.17   0.00  199.19A
  28693  -1   1  1      28.89        0.22  18.12  -154.71  -17.82   0.00  199.19A
  28694  -2   2  0     697.17        1.64  37.33  -139.72    0.34   0.00  199.20A
  28695  -2   2  1      98.95        0.63  38.46  -136.89  -17.64   0.00  199.20A
  28696  -1   2  0      88.75        0.49  28.39  -130.05    0.36   0.00  199.20A
  28697  -1   2  1     222.85        0.76  29.18  -126.89  -17.62   0.00  199.20A
  28698   0   1  0       2.20        0.06  12.21  -119.01    0.19   0.00  199.20A
  28699   0   1  1     147.62        0.40  12.48  -112.73  -17.80   0.00  199.20A
  28700  -1   3  0     432.47        1.40  42.12  -108.03    0.55   0.00  199.20A
  28701   0   2  0     388.27        0.94  25.03  -106.19    0.38   0.00  199.20A
  28702   0   2  1       6.73        0.17  25.68  -102.84  -17.60   0.00  199.20A
  28703   0   3  0       1.59        0.18  39.40   -91.82    0.57   0.00  199.20A
  28704   0   3  1     163.20        0.83  40.53   -89.22  -17.40   0.00  199.20A
  28705   1   2  0      89.76        0.49  28.42   -75.61    0.40   0.00  199.20A
  28706   1   2  1     172.13        0.66  29.14   -72.59  -17.58   0.00  199.20A
  28707   1   3  0     435.08        1.39  42.16   -70.15    0.59   0.00  199.20A
  28708   1   1  0     143.19        0.49  17.67   -67.79    0.21   0.00  199.20A
  28709   1   1  1      28.02        0.22  18.04   -63.36  -17.78   0.00  199.20A
  28710   2   2  0     642.27        1.55  37.39   -48.08    0.42   0.00  199.20A
  28711   2   2  1      98.75        0.63  38.39   -45.47  -17.56   0.00  199.20A
  28712   2   1  0     178.53        0.69  28.94   -38.27    0.23   0.00  199.20A
  28713   2   1  1     227.74        0.76  29.64   -35.25  -17.75   0.00  199.20A
  28714   1   0  0       0.62        0.05  12.56   -28.73    0.02   0.00  199.20A
  28715   1   0  1     124.82        0.37  12.73   -22.40  -17.97   0.00  199.20A
  28716   2   0  0     312.09        0.84  25.79   -15.51    0.04   0.00  199.21A
  28717   2   0  1      19.58        0.31  26.37   -12.13  -17.95   0.00  199.21A
  28718   3   0  0       0.55        0.14  40.73    -0.56    0.06   0.00  199.21A
  28719   3   0  1     159.26        0.84  41.86     2.10  -17.93   0.00  199.21A
  28720   2  -1  0     182.27        0.68  28.91    13.57   -0.15   0.00  199.21A
  28721   2  -1  1     238.87        0.80  29.60    16.82  -18.15   0.00  199.21A
  28722   1  -1  0     149.35        0.49  17.65    20.60   -0.17   0.00  199.21A
  28723   1  -1  1      31.17        0.23  17.98    25.51  -18.18   0.00  199.21A
  28724   2  -2  0     761.45        1.67  37.33    40.28   -0.34   0.00  199.21A
  28725   2  -2  1     112.49        0.67  38.36    43.23  -18.35   0.00  199.21A
  28726   1  -2  0      77.92        0.44  28.39    49.95   -0.36   0.00  199.21A
  28727   1  -2  1     168.42        0.64  29.10    53.44  -18.37   0.00  199.21A
  28728   0  -1  0       1.63        0.06  12.21    60.99   -0.19   0.00  199.21A
  28729   0  -1  1     119.28        0.36  12.41    68.14  -18.20   0.00  199.20A
  28730   1  -3  0     344.19        1.24  42.12    71.97   -0.55   0.00  199.21A
  28731   0  -2  0     273.11        0.76  25.03    73.81   -0.38   0.00  199.21A
  28732   0  -2  1       4.68        0.14  25.65    77.71  -18.40   0.00  199.21A
  28733   0  -3  0       1.33        0.18  39.40    88.18   -0.57   0.00  199.21A
  28734   0  -3  1     136.85        0.76  40.60    91.27  -18.59   0.00  199.21A
  28735  -1  -2  0      67.19        0.41  28.42   104.39   -0.40   0.00  199.21A
  28736  -1  -2  1     154.83        0.62  29.21   108.02  -18.42   0.00  199.21A
  28737  -1  -3  0     345.03        1.23  42.16   109.85   -0.59   0.00  199.21A
  28738  -1  -1  0     145.81        0.46  17.67   112.21   -0.21   0.00  199.21A
  28739  -1  -1  1      30.43        0.22  18.11   117.37  -18.22   0.00  199.21A
  28740  -2  -2  0     671.20        1.56  37.39   131.92   -0.42   0.00  199.21A
  28741  -2  -2  1     112.07        0.67  38.56   135.10  -18.44   0.00  199.21A
  28742  -2  -1  0     161.51        0.62  28.94   141.73   -0.23   0.00  199.21A
  28743  -2  -1  1     226.46        0.75  29.78   145.27  -18.24   0.00  199.21A
  28744  -1   0  0       0.52        0.05  12.56   151.27   -0.02   0.00  199.21A
  28745  -1   0  1     131.62        0.38  12.87   158.01  -18.02   0.00  199.21A
  28747  -2   0  1      18.34        0.30  26.52   168.20  -18.04   0.00  199.21A